%YAML:1.0
aruco_bc_nmarkers: 50
aruco_bc_mInfoType: 0
aruco_bc_markers:
   - { id:462, corners:[ [ -590., -290., 0. ], [ -490., -290., 0. ], [
       -490., -190., 0. ], [ -590., -190., 0. ] ] }
   - { id:656, corners:[ [ -470., -290., 0. ], [ -370., -290., 0. ], [
       -370., -190., 0. ], [ -470., -190., 0. ] ] }
   - { id:768, corners:[ [ -350., -290., 0. ], [ -250., -290., 0. ], [
       -250., -190., 0. ], [ -350., -190., 0. ] ] }
   - { id:238, corners:[ [ -230., -290., 0. ], [ -130., -290., 0. ], [
       -130., -190., 0. ], [ -230., -190., 0. ] ] }
   - { id:57, corners:[ [ -110., -290., 0. ], [ -10., -290., 0. ], [
       -10., -190., 0. ], [ -110., -190., 0. ] ] }
   - { id:699, corners:[ [ 10., -290., 0. ], [ 110., -290., 0. ], [ 110.,
       -190., 0. ], [ 10., -190., 0. ] ] }
   - { id:62, corners:[ [ 130., -290., 0. ], [ 230., -290., 0. ], [ 230.,
       -190., 0. ], [ 130., -190., 0. ] ] }
   - { id:464, corners:[ [ 250., -290., 0. ], [ 350., -290., 0. ], [
       350., -190., 0. ], [ 250., -190., 0. ] ] }
   - { id:1009, corners:[ [ 370., -290., 0. ], [ 470., -290., 0. ], [
       470., -190., 0. ], [ 370., -190., 0. ] ] }
   - { id:231, corners:[ [ 490., -290., 0. ], [ 590., -290., 0. ], [
       590., -190., 0. ], [ 490., -190., 0. ] ] }
   - { id:652, corners:[ [ -590., -170., 0. ], [ -490., -170., 0. ], [
       -490., -70., 0. ], [ -590., -70., 0. ] ] }
   - { id:966, corners:[ [ -470., -170., 0. ], [ -370., -170., 0. ], [
       -370., -70., 0. ], [ -470., -70., 0. ] ] }
   - { id:991, corners:[ [ -350., -170., 0. ], [ -250., -170., 0. ], [
       -250., -70., 0. ], [ -350., -70., 0. ] ] }
   - { id:124, corners:[ [ -230., -170., 0. ], [ -130., -170., 0. ], [
       -130., -70., 0. ], [ -230., -70., 0. ] ] }
   - { id:866, corners:[ [ -110., -170., 0. ], [ -10., -170., 0. ], [
       -10., -70., 0. ], [ -110., -70., 0. ] ] }
   - { id:570, corners:[ [ 10., -170., 0. ], [ 110., -170., 0. ], [ 110.,
       -70., 0. ], [ 10., -70., 0. ] ] }
   - { id:623, corners:[ [ 130., -170., 0. ], [ 230., -170., 0. ], [
       230., -70., 0. ], [ 130., -70., 0. ] ] }
   - { id:239, corners:[ [ 250., -170., 0. ], [ 350., -170., 0. ], [
       350., -70., 0. ], [ 250., -70., 0. ] ] }
   - { id:267, corners:[ [ 370., -170., 0. ], [ 470., -170., 0. ], [
       470., -70., 0. ], [ 370., -70., 0. ] ] }
   - { id:958, corners:[ [ 490., -170., 0. ], [ 590., -170., 0. ], [
       590., -70., 0. ], [ 490., -70., 0. ] ] }
   - { id:998, corners:[ [ -590., -50., 0. ], [ -490., -50., 0. ], [
       -490., 50., 0. ], [ -590., 50., 0. ] ] }
   - { id:661, corners:[ [ -470., -50., 0. ], [ -370., -50., 0. ], [
       -370., 50., 0. ], [ -470., 50., 0. ] ] }
   - { id:508, corners:[ [ -350., -50., 0. ], [ -250., -50., 0. ], [
       -250., 50., 0. ], [ -350., 50., 0. ] ] }
   - { id:734, corners:[ [ -230., -50., 0. ], [ -130., -50., 0. ], [
       -130., 50., 0. ], [ -230., 50., 0. ] ] }
   - { id:71, corners:[ [ -110., -50., 0. ], [ -10., -50., 0. ], [ -10.,
       50., 0. ], [ -110., 50., 0. ] ] }
   - { id:64, corners:[ [ 10., -50., 0. ], [ 110., -50., 0. ], [ 110.,
       50., 0. ], [ 10., 50., 0. ] ] }
   - { id:979, corners:[ [ 130., -50., 0. ], [ 230., -50., 0. ], [ 230.,
       50., 0. ], [ 130., 50., 0. ] ] }
   - { id:106, corners:[ [ 250., -50., 0. ], [ 350., -50., 0. ], [ 350.,
       50., 0. ], [ 250., 50., 0. ] ] }
   - { id:992, corners:[ [ 370., -50., 0. ], [ 470., -50., 0. ], [ 470.,
       50., 0. ], [ 370., 50., 0. ] ] }
   - { id:642, corners:[ [ 490., -50., 0. ], [ 590., -50., 0. ], [ 590.,
       50., 0. ], [ 490., 50., 0. ] ] }
   - { id:202, corners:[ [ -590., 70., 0. ], [ -490., 70., 0. ], [ -490.,
       170., 0. ], [ -590., 170., 0. ] ] }
   - { id:830, corners:[ [ -470., 70., 0. ], [ -370., 70., 0. ], [ -370.,
       170., 0. ], [ -470., 170., 0. ] ] }
   - { id:344, corners:[ [ -350., 70., 0. ], [ -250., 70., 0. ], [ -250.,
       170., 0. ], [ -350., 170., 0. ] ] }
   - { id:978, corners:[ [ -230., 70., 0. ], [ -130., 70., 0. ], [ -130.,
       170., 0. ], [ -230., 170., 0. ] ] }
   - { id:285, corners:[ [ -110., 70., 0. ], [ -10., 70., 0. ], [ -10.,
       170., 0. ], [ -110., 170., 0. ] ] }
   - { id:83, corners:[ [ 10., 70., 0. ], [ 110., 70., 0. ], [ 110.,
       170., 0. ], [ 10., 170., 0. ] ] }
   - { id:576, corners:[ [ 130., 70., 0. ], [ 230., 70., 0. ], [ 230.,
       170., 0. ], [ 130., 170., 0. ] ] }
   - { id:871, corners:[ [ 250., 70., 0. ], [ 350., 70., 0. ], [ 350.,
       170., 0. ], [ 250., 170., 0. ] ] }
   - { id:88, corners:[ [ 370., 70., 0. ], [ 470., 70., 0. ], [ 470.,
       170., 0. ], [ 370., 170., 0. ] ] }
   - { id:589, corners:[ [ 490., 70., 0. ], [ 590., 70., 0. ], [ 590.,
       170., 0. ], [ 490., 170., 0. ] ] }
   - { id:1020, corners:[ [ -590., 190., 0. ], [ -490., 190., 0. ], [
       -490., 290., 0. ], [ -590., 290., 0. ] ] }
   - { id:969, corners:[ [ -470., 190., 0. ], [ -370., 190., 0. ], [
       -370., 290., 0. ], [ -470., 290., 0. ] ] }
   - { id:895, corners:[ [ -350., 190., 0. ], [ -250., 190., 0. ], [
       -250., 290., 0. ], [ -350., 290., 0. ] ] }
   - { id:349, corners:[ [ -230., 190., 0. ], [ -130., 190., 0. ], [
       -130., 290., 0. ], [ -230., 290., 0. ] ] }
   - { id:44, corners:[ [ -110., 190., 0. ], [ -10., 190., 0. ], [ -10.,
       290., 0. ], [ -110., 290., 0. ] ] }
   - { id:161, corners:[ [ 10., 190., 0. ], [ 110., 190., 0. ], [ 110.,
       290., 0. ], [ 10., 290., 0. ] ] }
   - { id:847, corners:[ [ 130., 190., 0. ], [ 230., 190., 0. ], [ 230.,
       290., 0. ], [ 130., 290., 0. ] ] }
   - { id:708, corners:[ [ 250., 190., 0. ], [ 350., 190., 0. ], [ 350.,
       290., 0. ], [ 250., 290., 0. ] ] }
   - { id:259, corners:[ [ 370., 190., 0. ], [ 470., 190., 0. ], [ 470.,
       290., 0. ], [ 370., 290., 0. ] ] }
   - { id:975, corners:[ [ 490., 190., 0. ], [ 590., 190., 0. ], [ 590.,
       290., 0. ], [ 490., 290., 0. ] ] }
