%YAML:1.0
calibration_time: "Fri Jun  6 21:29:12 2014"
nframes: 7
image_width: 640
image_height: 480
board_width: 9
board_height: 6
square_size: 2.5000000372529030e-02
flags: 0
camera_matrix: !!opencv-matrix
   rows: 3
   cols: 3
   dt: d
   data: [ 4.9818957617904107e+02, 0., 3.2436033225249031e+02, 0.,
       4.9848431502137618e+02, 2.5285117734480866e+02, 0., 0., 1. ]
distortion_coefficients: !!opencv-matrix
   rows: 5
   cols: 1
   dt: d
   data: [ 2.0605043312899640e-01, -9.2730380484725750e-01,
       7.6916355713687180e-04, 1.7009331742563467e-03,
       1.3244990966036592e+00 ]
avg_reprojection_error: 1.8814053510161369e-01
per_view_reprojection_errors: !!opencv-matrix
   rows: 7
   cols: 1
   dt: f
   data: [ 1.95099100e-01, 1.47308603e-01, 1.63751468e-01,
       2.09276423e-01, 1.94657460e-01, 2.05662847e-01, 1.92910984e-01 ]
# a set of 6-tuples (rotation vector + translation vector) for each view
extrinsic_parameters: !!opencv-matrix
   rows: 7
   cols: 6
   dt: d
   data: [ -1.3860250231404389e-01, 5.0772337515623892e-02,
       -3.5477670041047432e-02, -1.2071562460627627e-01,
       -7.0034655022954764e-02, 3.8240675564531251e-01,
       -4.7464573252264823e-02, 1.1863522150906602e-01,
       -5.7694137018811046e-03, -1.3979718549286596e-01,
       -1.4141622767270590e-01, 5.4162601803547794e-01,
       -4.5977210128006235e-02, 5.6696405751249623e-02,
       2.8232975715878877e-02, -2.2938076341709168e-01,
       -1.2769137117676951e-01, 5.3540112880264279e-01,
       -7.8271285361672296e-03, 8.6547374766810556e-02,
       2.2330776908229658e-02, -2.1830611857849409e-02,
       -1.0046279295006465e-01, 4.8746336344301644e-01,
       4.6476748762525021e-02, 1.8734468874080149e-02,
       3.1228162275886574e-02, -6.4198083524574068e-02,
       -1.4406387218994027e-01, 4.5267683912530299e-01,
       3.6248569588801995e-02, 6.4817036783925142e-02,
       4.0074213869138911e-02, -7.1184574199355546e-02,
       -1.7117191939627760e-01, 5.6611349935670874e-01,
       1.0286955251521836e-01, 1.7245370823703252e-01,
       -8.5849708716378967e-02, -2.9795019091065768e-02,
       -1.0933693047730048e-01, 4.7115064276988866e-01 ]
image_points: !!opencv-matrix
   rows: 7
   cols: 54
   dt: "2f"
   data: [ 1.65362320e+02, 1.60747879e+02, 1.97864716e+02,
       1.59221756e+02, 2.30311417e+02, 1.57512863e+02, 2.63652496e+02,
       1.56056763e+02, 2.96450043e+02, 1.54485764e+02, 3.29681030e+02,
       1.53132828e+02, 3.63392944e+02, 1.51379013e+02, 3.97327606e+02,
       1.49309280e+02, 4.31340698e+02, 1.47571976e+02, 1.64688095e+02,
       1.92563477e+02, 1.97778458e+02, 1.91144699e+02, 2.31036072e+02,
       1.89698929e+02, 2.64275055e+02, 1.88457886e+02, 2.97613007e+02,
       1.87124008e+02, 3.30604706e+02, 1.85409561e+02, 3.64505646e+02,
       1.83877304e+02, 3.98573853e+02, 1.82331039e+02, 4.33042847e+02,
       1.80734955e+02, 1.64558044e+02, 2.25413635e+02, 1.98256348e+02,
       2.24056107e+02, 2.31384384e+02, 2.22817856e+02, 2.64914734e+02,
       2.21224152e+02, 2.98315552e+02, 2.19769592e+02, 3.31825043e+02,
       2.18485428e+02, 3.65755035e+02, 2.17035080e+02, 4.00343811e+02,
       2.15610428e+02, 4.34800964e+02, 2.14080338e+02, 1.64190933e+02,
       2.58742584e+02, 1.97975525e+02, 2.57415649e+02, 2.31615936e+02,
       2.55999847e+02, 2.65456177e+02, 2.54656708e+02, 2.99426910e+02,
       2.53308060e+02, 3.33089783e+02, 2.51875076e+02, 3.67348572e+02,
       2.50609955e+02, 4.02072052e+02, 2.49481857e+02, 4.37042908e+02,
       2.48116364e+02, 1.63627640e+02, 2.92482697e+02, 1.97851974e+02,
       2.91135803e+02, 2.31784973e+02, 2.89722900e+02, 2.65980927e+02,
       2.88270508e+02, 3.00123596e+02, 2.87141815e+02, 3.34251007e+02,
       2.85812958e+02, 3.68927155e+02, 2.84740845e+02, 4.03863373e+02,
       2.83639465e+02, 4.39276367e+02, 2.82704803e+02, 1.62899811e+02,
       3.27321045e+02, 1.97194946e+02, 3.25780182e+02, 2.31680115e+02,
       3.24518463e+02, 2.66299133e+02, 3.23257477e+02, 3.01014771e+02,
       3.21937469e+02, 3.35460938e+02, 3.20955231e+02, 3.70653320e+02,
       3.19795380e+02, 4.06188019e+02, 3.19039093e+02, 4.41954865e+02,
       3.18008667e+02, 1.94269699e+02, 1.21252914e+02, 2.16953522e+02,
       1.20283150e+02, 2.39511810e+02, 1.19362350e+02, 2.62615875e+02,
       1.18431015e+02, 2.85711639e+02, 1.17515686e+02, 3.09433105e+02,
       1.16723206e+02, 3.33309662e+02, 1.15464348e+02, 3.57308533e+02,
       1.14826965e+02, 3.81583649e+02, 1.13563599e+02, 1.94006577e+02,
       1.44143677e+02, 2.16695526e+02, 1.43386276e+02, 2.39631500e+02,
       1.42750244e+02, 2.62886353e+02, 1.42035675e+02, 2.85902924e+02,
       1.41225983e+02, 3.09475220e+02, 1.40573639e+02, 3.33487213e+02,
       1.39466599e+02, 3.57421753e+02, 1.38815659e+02, 3.81653503e+02,
       1.37732361e+02, 1.94032196e+02, 1.67443222e+02, 2.16866348e+02,
       1.66935776e+02, 2.39620865e+02, 1.66334259e+02, 2.62755096e+02,
       1.65526321e+02, 2.85820465e+02, 1.65169205e+02, 3.09554108e+02,
       1.64404922e+02, 3.33320770e+02, 1.63564590e+02, 3.57518311e+02,
       1.63099670e+02, 3.81662445e+02, 1.62274490e+02, 1.93866165e+02,
       1.90787460e+02, 2.16766388e+02, 1.90405807e+02, 2.39629044e+02,
       1.89767838e+02, 2.62761261e+02, 1.89319305e+02, 2.86075989e+02,
       1.88857330e+02, 3.09555664e+02, 1.88430710e+02, 3.33457825e+02,
       1.87568161e+02, 3.57556061e+02, 1.87174469e+02, 3.81794464e+02,
       1.86643433e+02, 1.93718689e+02, 2.13896805e+02, 2.16752258e+02,
       2.13517014e+02, 2.39642914e+02, 2.13207474e+02, 2.62830200e+02,
       2.12842270e+02, 2.86103363e+02, 2.12475708e+02, 3.09597412e+02,
       2.12099426e+02, 3.33518250e+02, 2.11573059e+02, 3.57621643e+02,
       2.11229324e+02, 3.81843079e+02, 2.10623230e+02, 1.93460770e+02,
       2.37314987e+02, 2.16312378e+02, 2.37052094e+02, 2.39473465e+02,
       2.36852341e+02, 2.62783447e+02, 2.36583969e+02, 2.86188660e+02,
       2.36245667e+02, 3.09668915e+02, 2.35892624e+02, 3.33567749e+02,
       2.35505264e+02, 3.57646484e+02, 2.35317429e+02, 3.82144836e+02,
       2.35096039e+02, 1.08474564e+02, 1.32774109e+02, 1.31322510e+02,
       1.32929947e+02, 1.54177155e+02, 1.33139175e+02, 1.77533951e+02,
       1.33458282e+02, 2.00841782e+02, 1.33660248e+02, 2.24563843e+02,
       1.34149155e+02, 2.48165695e+02, 1.34730453e+02, 2.72040283e+02,
       1.35198120e+02, 2.95733643e+02, 1.35517700e+02, 1.07155106e+02,
       1.55653397e+02, 1.30072098e+02, 1.56062775e+02, 1.53337524e+02,
       1.56454834e+02, 1.76664764e+02, 1.57080994e+02, 2.00193649e+02,
       1.57445358e+02, 2.23788666e+02, 1.57784653e+02, 2.47754166e+02,
       1.58459869e+02, 2.71413666e+02, 1.59181854e+02, 2.95283264e+02,
       1.59460754e+02, 1.06210930e+02, 1.79384598e+02, 1.29318924e+02,
       1.79668930e+02, 1.52349487e+02, 1.80258728e+02, 1.75854797e+02,
       1.80654465e+02, 1.99318024e+02, 1.81171326e+02, 2.22985672e+02,
       1.81525330e+02, 2.46629318e+02, 1.82443253e+02, 2.70670227e+02,
       1.83033203e+02, 2.94325378e+02, 1.83363022e+02, 1.04841278e+02,
       2.02829742e+02, 1.28091431e+02, 2.03345474e+02, 1.51320831e+02,
       2.03908493e+02, 1.74820221e+02, 2.04508179e+02, 1.98607269e+02,
       2.05115158e+02, 2.22148163e+02, 2.05547379e+02, 2.46015488e+02,
       2.06284607e+02, 2.69858246e+02, 2.06975037e+02, 2.93711426e+02,
       2.07444962e+02, 1.03584488e+02, 2.26344910e+02, 1.27038200e+02,
       2.26819855e+02, 1.50318848e+02, 2.27456650e+02, 1.73869339e+02,
       2.28087860e+02, 1.97658417e+02, 2.28750443e+02, 2.21274490e+02,
       2.29314346e+02, 2.45209625e+02, 2.29916107e+02, 2.69275909e+02,
       2.30629623e+02, 2.93043365e+02, 2.31231949e+02, 1.02148643e+02,
       2.50259964e+02, 1.25523590e+02, 2.50788895e+02, 1.48888107e+02,
       2.51412766e+02, 1.72691025e+02, 2.52031296e+02, 1.96595596e+02,
       2.52716492e+02, 2.20357224e+02, 2.53265289e+02, 2.44313034e+02,
       2.54016235e+02, 2.68285950e+02, 2.54693329e+02, 2.92330292e+02,
